[63, 119, 96, 109, 88, 87, 86, 85, 110, 71, 70, 69, 75, 76, 80, 79, 77, 18, 21, 17, 22, 4, 20, 108, 24, 23, 9, 11, 3, 58, 64, 100, 10, 115, 47, 49, 46, 94, 112, 111, 107, 127, 98, 97, 123, 42, 40, 35, 41, 14, 12, 31, 27, 30, 26, 38, 39, 34, 43, 36, 37, 16, 1, 7, 105, 106, 6, 90, 116, 60, 61, 91, 62, 59, 104, 125, 89, 92, 99, 65, 113, 66, 55, 124, 52, 5, 121, 2, 51, 57, 54, 48, 118, 53, 56, 50, 13, 120, 114, 72, 74, 68, 73, 67, 8, 19, 15, 44, 45, 103, 93, 95, 28, 122, 33, 25, 29, 32, 78, 117, 84, 81, 126, 82, 83, 101, 102] 137296
[76, 59, 32, 123, 58, 35, 60, 31, 37, 72, 114, 106, 22, 54, 55, 41, 69, 74, 30, 90, 46, 94, 45, 11, 80, 48, 24, 27, 40, 33, 10, 63, 85, 8, 61, 103, 62, 4, 70, 101, 97, 117, 13, 89, 77, 57, 115, 56, 47, 9, 91, 119, 28, 18, 14, 68, 36, 43, 113, 125, 111, 92, 109, 96, 67, 126, 2, 122, 105, 5, 17, 66, 88, 50, 3, 1, 51, 53, 49, 124, 23, 73, 82, 127, 25, 38, 121, 75, 34, 86, 116, 100, 52, 21, 65, 7, 29, 19, 44, 95, 84, 120, 20, 107, 6, 87, 16, 12, 99, 118, 83, 93, 26, 39, 15, 78, 71, 81, 102, 112, 98, 64, 104, 108, 79, 42, 110] 584059
[18, 118, 45, 35, 80, 59, 113, 67, 15, 29, 93, 72, 69, 25, 85, 126, 20, 86, 112, 101, 117, 66, 9, 16, 17, 49, 57, 94, 12, 123, 32, 53, 30, 92, 38, 50, 55, 97, 78, 19, 98, 68, 64, 3, 22, 2, 111, 33, 46, 82, 105, 51, 100, 4, 74, 8, 39, 103, 31, 48, 87, 36, 121, 88, 24, 81, 37, 120, 84, 76, 13, 70, 108, 23, 73, 5, 56, 79, 115, 119, 127, 124, 102, 65, 109, 60, 6, 1, 28, 91, 61, 14, 110, 125, 114, 71, 106, 116, 27, 107, 41, 42, 7, 62, 21, 90, 83, 75, 58, 89, 104, 95, 122, 47, 10, 77, 52, 26, 34, 43, 99, 96, 44, 40, 63, 54, 11] 637181
[93, 47, 64, 83, 117, 107, 110, 71, 15, 75, 98, 43, 95, 92, 97, 12, 63, 68, 42, 69, 28, 73, 123, 51, 48, 106, 112, 87, 62, 65, 55, 20, 36, 27, 91, 61, 40, 127, 57, 109, 8, 21, 124, 26, 45, 102, 86, 126, 82, 85, 70, 31, 7, 38, 24, 41, 96, 29, 32, 59, 78, 54, 72, 58, 121, 52, 77, 5, 88, 34, 125, 111, 10, 11, 50, 116, 115, 113, 4, 105, 39, 6, 99, 17, 16, 108, 66, 33, 60, 122, 94, 2, 46, 3, 19, 9, 14, 100, 74, 13, 103, 22, 1, 90, 44, 84, 18, 23, 118, 30, 25, 120, 37, 76, 101, 89, 104, 79, 56, 80, 81, 35, 67, 119, 114, 49, 53] 608160
[64, 31, 8, 110, 85, 87, 42, 95, 18, 34, 73, 104, 113, 37, 15, 58, 33, 2, 79, 125, 105, 3, 61, 102, 44, 91, 30, 35, 115, 100, 107, 63, 20, 12, 11, 26, 81, 75, 7, 57, 49, 72, 46, 47, 27, 123, 70, 101, 40, 23, 32, 114, 65, 92, 6, 111, 22, 19, 1, 97, 80, 25, 60, 98, 90, 116, 5, 119, 67, 10, 86, 9, 14, 17, 53, 122, 39, 68, 50, 38, 62, 117, 69, 21, 103, 56, 120, 108, 93, 89, 88, 24, 55, 78, 71, 66, 4, 83, 76, 126, 82, 54, 48, 112, 45, 59, 43, 16, 124, 94, 127, 29, 52, 106, 13, 51, 36, 118, 109, 99, 77, 41, 74, 84, 96, 28, 121] 584051
[115, 19, 118, 127, 82, 3, 120, 57, 96, 112, 92, 41, 7, 42, 25, 63, 6, 46, 117, 40, 14, 36, 73, 21, 27, 106, 61, 18, 100, 85, 55, 24, 102, 119, 20, 93, 111, 12, 81, 109, 22, 44, 113, 114, 104, 84, 58, 45, 77, 38, 53, 108, 4, 26, 99, 64, 47, 34, 105, 94, 49, 50, 76, 48, 86, 31, 11, 1, 78, 88, 29, 66, 69, 33, 10, 13, 107, 35, 67, 51, 60, 59, 15, 72, 75, 65, 103, 90, 71, 16, 68, 2, 9, 121, 98, 17, 97, 91, 56, 79, 70, 83, 87, 28, 125, 5, 101, 52, 126, 95, 124, 89, 110, 123, 43, 62, 37, 80, 116, 30, 32, 54, 23, 8, 74, 122, 39] 641911
[100, 31, 38, 45, 10, 35, 14, 81, 73, 11, 95, 75, 91, 47, 77, 15, 111, 56, 2, 89, 63, 59, 37, 8, 55, 17, 50, 30, 122, 105, 79, 13, 86, 93, 49, 1, 71, 46, 6, 5, 43, 54, 119, 126, 34, 124, 58, 48, 125, 80, 121, 61, 96, 84, 16, 92, 41, 65, 103, 116, 72, 19, 110, 127, 118, 32, 108, 123, 22, 7, 28, 112, 87, 57, 64, 3, 40, 9, 24, 12, 113, 60, 78, 44, 114, 107, 26, 67, 120, 94, 4, 70, 42, 52, 117, 74, 88, 97, 106, 101, 102, 115, 68, 21, 36, 51, 104, 85, 76, 66, 98, 27, 109, 82, 33, 99, 20, 23, 62, 90, 29, 83, 69, 39, 53, 25, 18] 627611
[15, 55, 6, 51, 66, 35, 9, 89, 40, 54, 91, 127, 118, 68, 25, 38, 57, 121, 79, 115, 73, 75, 90, 83, 5, 114, 33, 108, 39, 125, 107, 112, 42, 119, 21, 26, 116, 98, 103, 69, 113, 77, 67, 13, 100, 22, 76, 12, 123, 1, 61, 92, 27, 99, 10, 24, 62, 95, 18, 8, 52, 105, 111, 2, 30, 102, 28, 36, 65, 58, 84, 78, 63, 85, 106, 110, 34, 72, 50, 70, 60, 47, 14, 53, 80, 19, 93, 88, 117, 11, 43, 71, 81, 64, 31, 46, 56, 126, 48, 45, 74, 104, 32, 20, 59, 4, 16, 122, 44, 7, 37, 86, 94, 124, 97, 3, 49, 87, 41, 109, 120, 23, 82, 96, 29, 101, 17] 638538
[91, 63, 115, 76, 50, 111, 104, 19, 59, 5, 13, 11, 122, 80, 30, 52, 34, 124, 102, 8, 27, 79, 95, 96, 47, 112, 17, 35, 65, 3, 101, 20, 12, 93, 28, 54, 77, 120, 108, 86, 121, 38, 109, 107, 97, 7, 31, 45, 114, 39, 10, 92, 116, 23, 71, 123, 43, 99, 53, 25, 87, 29, 125, 62, 73, 41, 82, 83, 118, 84, 49, 126, 36, 94, 60, 14, 40, 24, 57, 105, 89, 55, 70, 48, 67, 9, 100, 106, 56, 117, 85, 26, 37, 6, 127, 21, 78, 4, 90, 16, 119, 72, 98, 58, 69, 51, 66, 44, 2, 1, 110, 33, 32, 64, 74, 68, 113, 81, 18, 88, 75, 15, 61, 46, 103, 22, 42] 653963
[11, 114, 16, 121, 40, 104, 65, 36, 14, 33, 5, 60, 46, 8, 113, 6, 25, 100, 69, 7, 59, 78, 86, 106, 66, 13, 48, 51, 90, 24, 29, 54, 120, 38, 97, 58, 37, 94, 64, 49, 15, 70, 116, 42, 92, 57, 83, 71, 118, 61, 123, 88, 79, 96, 77, 32, 3, 26, 110, 67, 76, 21, 108, 124, 80, 117, 115, 73, 50, 87, 107, 101, 10, 99, 18, 30, 44, 35, 119, 105, 126, 4, 81, 93, 102, 12, 31, 19, 84, 23, 127, 34, 45, 91, 28, 89, 98, 122, 1, 62, 103, 17, 63, 125, 55, 111, 112, 43, 41, 27, 75, 53, 39, 56, 72, 9, 68, 2, 95, 85, 74, 20, 109, 47, 82, 52, 22] 650128
[80, 19, 78, 27, 89, 41, 65, 38, 67, 18, 6, 75, 73, 9, 110, 121, 95, 70, 84, 106, 28, 97, 126, 115, 22, 48, 113, 71, 29, 24, 32, 59, 11, 57, 4, 85, 15, 10, 74, 56, 83, 99, 16, 63, 100, 123, 108, 90, 51, 119, 13, 46, 50, 49, 44, 58, 1, 12, 31, 72, 102, 86, 79, 35, 81, 111, 25, 60, 8, 116, 5, 53, 109, 40, 47, 14, 77, 55, 88, 37, 93, 96, 43, 107, 45, 61, 42, 36, 94, 120, 69, 2, 104, 21, 54, 7, 64, 20, 66, 17, 92, 34, 125, 127, 52, 105, 87, 3, 112, 98, 62, 124, 117, 68, 26, 23, 91, 82, 114, 30, 76, 118, 103, 33, 39, 101, 122] 662539
[22, 103, 101, 8, 79, 113, 37, 19, 29, 92, 64, 4, 47, 13, 39, 36, 120, 94, 78, 3, 43, 75, 90, 63, 118, 127, 99, 41, 71, 1, 11, 46, 77, 14, 66, 56, 21, 50, 45, 84, 119, 104, 89, 35, 31, 97, 96, 126, 124, 98, 106, 27, 86, 112, 15, 42, 93, 23, 61, 10, 57, 74, 55, 33, 73, 121, 18, 70, 9, 110, 116, 38, 12, 30, 102, 80, 91, 117, 81, 6, 83, 34, 87, 68, 53, 5, 107, 76, 24, 111, 72, 105, 88, 123, 60, 115, 7, 32, 52, 58, 49, 114, 16, 51, 95, 48, 100, 17, 65, 67, 26, 69, 44, 20, 54, 108, 85, 2, 109, 40, 28, 59, 122, 25, 62, 82, 125] 658899
[62, 60, 73, 94, 21, 10, 75, 109, 40, 39, 31, 59, 18, 29, 13, 108, 84, 67, 83, 100, 26, 58, 52, 90, 70, 72, 88, 78, 12, 46, 115, 61, 124, 79, 57, 121, 14, 30, 24, 105, 4, 80, 120, 103, 44, 23, 11, 25, 114, 86, 9, 123, 3, 6, 89, 28, 76, 93, 17, 107, 125, 99, 66, 51, 111, 98, 81, 7, 68, 2, 127, 47, 36, 95, 53, 91, 48, 63, 16, 1, 74, 43, 117, 119, 87, 49, 41, 106, 34, 56, 102, 5, 8, 33, 20, 45, 27, 32, 69, 77, 104, 126, 122, 64, 110, 101, 38, 118, 42, 97, 112, 116, 65, 15, 55, 96, 82, 92, 50, 113, 22, 54, 37, 71, 35, 19, 85] 607887
[16, 96, 51, 70, 4, 108, 83, 115, 113, 20, 48, 23, 44, 112, 107, 110, 32, 25, 103, 46, 6, 93, 57, 98, 120, 68, 7, 50, 105, 127, 92, 39, 114, 52, 19, 43, 69, 76, 61, 5, 3, 102, 2, 118, 119, 84, 26, 101, 30, 126, 31, 91, 12, 29, 53, 47, 94, 60, 8, 1, 74, 109, 49, 95, 15, 10, 56, 124, 24, 79, 36, 42, 125, 13, 82, 89, 111, 34, 88, 58, 62, 28, 65, 59, 77, 9, 18, 66, 85, 99, 100, 123, 75, 97, 78, 21, 104, 22, 87, 80, 117, 72, 73, 17, 106, 11, 64, 63, 54, 90, 40, 35, 86, 45, 55, 33, 37, 67, 122, 38, 121, 71, 14, 116, 81, 41, 27] 624052
[3, 62, 11, 56, 46, 68, 83, 45, 22, 14, 33, 101, 110, 90, 43, 94, 8, 121, 58, 55, 6, 80, 86, 102, 13, 9, 35, 104, 72, 48, 7, 41, 16, 28, 20, 117, 97, 59, 81, 19, 82, 100, 113, 26, 111, 69, 66, 75, 105, 50, 37, 77, 30, 47, 127, 29, 32, 116, 122, 5, 64, 65, 60, 71, 52, 51, 12, 119, 53, 95, 38, 84, 123, 126, 108, 89, 88, 103, 109, 40, 91, 21, 15, 112, 17, 24, 18, 63, 115, 39, 23, 96, 27, 57, 44, 124, 76, 36, 54, 106, 78, 31, 92, 93, 79, 99, 98, 74, 85, 2, 25, 118, 49, 125, 1, 120, 67, 10, 107, 4, 42, 114, 61, 73, 87, 34, 70] 640112
[85, 24, 91, 106, 97, 105, 58, 86, 32, 53, 49, 40, 51, 81, 12, 108, 45, 39, 56, 27, 14, 88, 50, 115, 8, 74, 107, 84, 42, 95, 112, 93, 83, 69, 20, 100, 10, 23, 17, 2, 125, 7, 60, 29, 66, 67, 35, 43, 96, 120, 55, 92, 104, 102, 1, 52, 116, 118, 54, 25, 48, 57, 59, 82, 22, 47, 122, 79, 113, 90, 89, 72, 68, 114, 121, 101, 4, 15, 109, 126, 16, 123, 37, 19, 61, 127, 44, 9, 124, 62, 38, 111, 80, 75, 78, 76, 34, 71, 103, 11, 28, 119, 98, 41, 99, 6, 3, 46, 31, 65, 5, 117, 18, 110, 94, 13, 77, 64, 70, 87, 26, 36, 21, 73, 33, 63, 30] 616051
[93, 47, 97, 42, 62, 110, 65, 86, 24, 87, 13, 14, 82, 114, 44, 88, 112, 106, 8, 20, 34, 9, 55, 108, 30, 105, 61, 71, 118, 84, 1, 79, 2, 95, 98, 126, 116, 125, 83, 124, 123, 12, 59, 41, 66, 127, 4, 119, 7, 103, 25, 15, 77, 104, 70, 49, 10, 58, 43, 64, 121, 68, 75, 74, 16, 48, 73, 19, 113, 92, 32, 122, 45, 109, 81, 107, 23, 90, 11, 85, 53, 37, 36, 50, 101, 35, 78, 54, 27, 29, 3, 21, 33, 52, 39, 115, 69, 91, 94, 5, 60, 57, 111, 40, 26, 22, 96, 117, 17, 38, 28, 63, 76, 51, 72, 99, 120, 31, 46, 102, 80, 56, 89, 18, 6, 67, 100] 633918
[41, 16, 59, 66, 33, 107, 72, 94, 37, 113, 40, 118, 54, 97, 120, 96, 111, 80, 60, 122, 98, 10, 21, 29, 61, 48, 25, 110, 73, 14, 15, 88, 22, 38, 127, 34, 2, 18, 75, 86, 5, 114, 30, 46, 7, 89, 125, 9, 11, 104, 81, 28, 76, 1, 13, 63, 4, 100, 57, 45, 95, 70, 55, 123, 99, 116, 31, 42, 109, 102, 90, 39, 8, 43, 67, 79, 27, 124, 47, 126, 12, 50, 65, 78, 26, 35, 92, 44, 101, 93, 121, 106, 69, 91, 49, 84, 74, 82, 51, 64, 53, 77, 56, 58, 32, 119, 24, 108, 3, 68, 112, 6, 71, 83, 85, 52, 105, 17, 23, 62, 19, 87, 117, 115, 103, 20, 36] 632918
[104, 49, 96, 103, 9, 10, 22, 39, 4, 31, 28, 116, 5, 64, 71, 13, 25, 8, 86, 87, 15, 58, 27, 24, 105, 56, 42, 109, 121, 17, 112, 74, 44, 101, 52, 118, 6, 67, 61, 66, 38, 91, 45, 110, 100, 82, 41, 21, 92, 127, 59, 98, 16, 120, 93, 46, 37, 83, 117, 102, 19, 43, 78, 108, 113, 84, 125, 63, 88, 53, 40, 34, 115, 3, 90, 51, 119, 14, 36, 81, 29, 68, 111, 75, 54, 69, 55, 2, 18, 124, 97, 1, 89, 23, 26, 76, 114, 106, 77, 79, 85, 50, 62, 47, 73, 99, 32, 65, 7, 80, 123, 48, 94, 33, 57, 107, 126, 70, 72, 122, 35, 11, 30, 20, 60, 12, 95] 656571
[15, 5, 54, 34, 78, 81, 14, 4, 103, 22, 71, 85, 82, 52, 60, 39, 6, 35, 3, 97, 112, 94, 106, 111, 38, 41, 68, 73, 28, 92, 16, 74, 77, 107, 124, 72, 93, 101, 70, 49, 76, 66, 11, 27, 114, 117, 65, 126, 88, 58, 7, 42, 113, 69, 12, 46, 51, 50, 123, 95, 122, 32, 89, 13, 17, 90, 80, 36, 119, 24, 19, 10, 96, 43, 79, 87, 31, 20, 1, 116, 57, 91, 30, 127, 23, 61, 33, 104, 47, 83, 105, 45, 8, 110, 25, 48, 18, 102, 2, 26, 40, 121, 84, 120, 21, 9, 86, 118, 64, 75, 44, 56, 29, 109, 63, 108, 115, 98, 67, 59, 53, 55, 125, 62, 37, 99, 100] 635450
[95, 62, 82, 97, 122, 47, 92, 115, 76, 55, 5, 109, 108, 11, 13, 45, 105, 104, 85, 81, 15, 2, 58, 101, 6, 91, 14, 60, 16, 10, 40, 71, 34, 98, 120, 49, 67, 59, 57, 118, 73, 23, 112, 3, 110, 26, 84, 42, 41, 53, 1, 52, 37, 74, 43, 51, 66, 32, 70, 68, 99, 113, 100, 111, 106, 121, 21, 29, 103, 126, 86, 127, 9, 89, 107, 35, 77, 61, 54, 125, 96, 56, 63, 65, 123, 17, 30, 83, 7, 102, 28, 46, 119, 12, 75, 18, 114, 24, 25, 33, 69, 22, 94, 79, 87, 117, 64, 8, 116, 80, 19, 90, 39, 72, 20, 50, 36, 38, 124, 27, 48, 93, 88, 44, 78, 4, 31] 637015
[85, 36, 21, 79, 33, 72, 5, 11, 34, 99, 73, 61, 14, 46, 127, 84, 95, 29, 100, 38, 24, 37, 78, 23, 56, 71, 58, 54, 64, 112, 97, 20, 42, 50, 107, 110, 81, 115, 32, 9, 55, 103, 126, 47, 98, 111, 26, 40, 2, 35, 41, 125, 49, 18, 122, 17, 57, 101, 96, 44, 27, 7, 22, 77, 93, 43, 16, 116, 45, 80, 86, 15, 92, 28, 25, 121, 10, 74, 52, 3, 60, 39, 8, 90, 82, 1, 109, 76, 30, 19, 13, 65, 105, 102, 63, 89, 53, 70, 117, 91, 118, 123, 87, 106, 31, 12, 66, 69, 108, 120, 113, 75, 48, 114, 67, 83, 124, 68, 51, 4, 94, 62, 59, 6, 104, 119, 88] 628955
[100, 86, 89, 6, 51, 98, 14, 15, 25, 38, 85, 110, 55, 73, 83, 90, 78, 60, 66, 9, 49, 21, 62, 122, 1, 12, 27, 65, 119, 107, 10, 32, 52, 37, 41, 22, 4, 68, 126, 56, 34, 11, 94, 44, 72, 69, 70, 67, 33, 92, 80, 30, 24, 57, 26, 104, 124, 3, 82, 40, 116, 121, 47, 117, 79, 91, 18, 108, 76, 36, 23, 75, 61, 54, 2, 19, 106, 5, 112, 118, 17, 71, 111, 29, 97, 120, 123, 88, 53, 103, 48, 59, 115, 102, 46, 20, 93, 99, 95, 84, 39, 96, 8, 77, 16, 105, 64, 74, 87, 13, 101, 114, 45, 58, 28, 127, 63, 31, 7, 125, 109, 113, 42, 50, 35, 81, 43] 646906
[117, 21, 37, 72, 53, 12, 46, 115, 94, 78, 51, 13, 102, 66, 41, 47, 54, 100, 16, 15, 58, 1, 69, 24, 4, 25, 81, 18, 59, 74, 5, 112, 120, 123, 113, 32, 104, 44, 121, 67, 2, 70, 108, 28, 8, 19, 97, 79, 106, 126, 29, 68, 82, 30, 103, 31, 101, 42, 118, 43, 34, 64, 122, 98, 20, 11, 33, 107, 6, 62, 114, 10, 48, 38, 57, 73, 77, 14, 110, 95, 111, 125, 3, 36, 56, 89, 119, 49, 99, 76, 90, 50, 88, 7, 80, 17, 109, 86, 127, 116, 124, 52, 27, 22, 9, 93, 26, 40, 65, 84, 63, 61, 39, 35, 75, 92, 23, 45, 83, 55, 91, 85, 96, 71, 60, 105, 87] 622886
[89, 15, 126, 104, 40, 56, 81, 72, 76, 7, 93, 29, 51, 79, 127, 2, 105, 114, 33, 103, 110, 63, 55, 95, 38, 109, 58, 10, 94, 100, 112, 30, 54, 82, 125, 73, 70, 43, 90, 106, 46, 68, 66, 3, 14, 57, 117, 96, 6, 17, 34, 86, 49, 115, 111, 36, 77, 124, 52, 1, 42, 119, 16, 107, 48, 60, 121, 11, 67, 101, 35, 4, 23, 5, 31, 18, 8, 120, 80, 116, 84, 91, 108, 102, 24, 65, 88, 37, 74, 44, 113, 97, 53, 45, 50, 98, 25, 27, 122, 75, 69, 9, 99, 78, 123, 41, 85, 28, 61, 64, 62, 19, 12, 26, 32, 59, 47, 118, 87, 22, 21, 20, 13, 83, 39, 92, 71] 631885
[105, 21, 32, 66, 30, 122, 31, 18, 81, 16, 79, 121, 19, 119, 82, 76, 108, 54, 29, 38, 100, 55, 59, 113, 74, 109, 120, 91, 115, 50, 11, 78, 15, 101, 40, 123, 117, 44, 89, 85, 37, 103, 39, 126, 13, 1, 87, 12, 64, 111, 60, 43, 77, 51, 24, 45, 98, 69, 26, 93, 67, 14, 62, 84, 102, 83, 33, 56, 25, 71, 3, 49, 10, 46, 35, 53, 36, 106, 107, 96, 5, 94, 48, 112, 27, 118, 65, 52, 70, 20, 97, 88, 23, 75, 110, 42, 73, 2, 114, 92, 17, 104, 28, 99, 22, 41, 90, 6, 127, 72, 34, 7, 80, 61, 9, 8, 57, 125, 95, 47, 58, 63, 86, 4, 124, 68, 116] 612286
[43, 112, 84, 122, 62, 3, 5, 33, 37, 114, 51, 20, 85, 109, 17, 69, 58, 106, 67, 8, 89, 59, 35, 75, 104, 1, 82, 97, 111, 36, 30, 9, 57, 22, 60, 87, 94, 12, 19, 91, 120, 26, 78, 71, 21, 24, 95, 40, 86, 4, 64, 34, 46, 2, 93, 76, 54, 96, 100, 102, 55, 83, 27, 118, 77, 45, 32, 52, 39, 15, 47, 123, 107, 56, 50, 23, 108, 31, 115, 66, 11, 49, 126, 65, 117, 116, 61, 73, 14, 28, 80, 105, 98, 25, 101, 90, 41, 38, 7, 103, 53, 79, 44, 13, 10, 16, 119, 92, 99, 113, 110, 127, 48, 72, 70, 29, 124, 63, 121, 125, 42, 88, 6, 74, 18, 68, 81] 620064
[41, 44, 100, 96, 112, 116, 56, 87, 55, 42, 84, 127, 48, 36, 31, 94, 6, 9, 14, 11, 50, 104, 114, 59, 122, 21, 81, 82, 2, 106, 23, 60, 22, 91, 10, 25, 57, 33, 118, 88, 54, 86, 68, 61, 29, 99, 64, 63, 18, 93, 83, 28, 26, 47, 80, 8, 65, 67, 15, 49, 53, 37, 97, 66, 95, 115, 7, 58, 121, 73, 90, 109, 45, 46, 62, 19, 30, 74, 39, 125, 103, 85, 71, 77, 70, 110, 72, 24, 124, 16, 98, 13, 69, 51, 4, 105, 52, 35, 123, 32, 108, 102, 40, 3, 126, 79, 113, 27, 89, 107, 101, 117, 38, 75, 1, 76, 20, 78, 43, 92, 119, 111, 5, 17, 120, 34, 12] 634081
[15, 34, 91, 35, 16, 113, 5, 49, 123, 19, 90, 39, 78, 110, 102, 71, 66, 40, 7, 17, 104, 95, 69, 20, 103, 53, 89, 126, 86, 116, 119, 92, 8, 9, 51, 26, 88, 106, 11, 12, 76, 21, 36, 60, 105, 93, 79, 13, 37, 24, 77, 31, 55, 74, 72, 4, 70, 84, 22, 97, 83, 114, 50, 30, 45, 29, 56, 52, 48, 1, 38, 98, 32, 10, 25, 101, 3, 61, 122, 120, 124, 111, 99, 115, 44, 82, 59, 73, 127, 33, 109, 63, 108, 14, 23, 96, 65, 94, 43, 62, 112, 125, 18, 81, 121, 85, 47, 118, 87, 6, 57, 27, 64, 117, 42, 41, 68, 46, 67, 2, 75, 28, 54, 107, 58, 100, 80] 611827
[43, 62, 32, 102, 77, 99, 98, 118, 89, 28, 31, 20, 35, 26, 7, 80, 19, 119, 48, 37, 29, 105, 17, 41, 57, 12, 82, 9, 75, 34, 50, 51, 47, 38, 65, 5, 91, 92, 124, 25, 45, 59, 94, 3, 6, 95, 107, 127, 36, 23, 76, 63, 11, 39, 40, 100, 10, 83, 27, 87, 86, 64, 53, 85, 2, 96, 33, 24, 58, 103, 15, 71, 81, 52, 69, 30, 110, 114, 56, 4, 78, 106, 123, 109, 115, 125, 74, 67, 55, 14, 84, 104, 42, 117, 46, 22, 54, 90, 16, 79, 66, 73, 116, 113, 1, 21, 18, 8, 112, 44, 49, 120, 108, 61, 111, 88, 97, 93, 70, 126, 13, 72, 68, 121, 101, 60, 122] 632479
[83, 90, 19, 21, 101, 27, 84, 13, 121, 10, 34, 18, 16, 79, 125, 15, 60, 112, 105, 45, 12, 92, 75, 127, 94, 107, 56, 55, 96, 33, 28, 70, 81, 46, 50, 26, 67, 87, 62, 20, 103, 82, 78, 76, 106, 1, 71, 47, 74, 93, 31, 61, 2, 54, 111, 68, 126, 65, 69, 97, 51, 115, 104, 42, 102, 22, 7, 66, 4, 123, 37, 11, 36, 122, 77, 91, 113, 24, 64, 41, 80, 109, 44, 30, 86, 117, 48, 49, 108, 40, 59, 57, 89, 52, 3, 100, 85, 95, 58, 99, 118, 29, 43, 124, 110, 25, 73, 17, 114, 116, 14, 39, 8, 72, 35, 32, 9, 38, 6, 120, 53, 88, 98, 119, 23, 5, 63] 621047
[34, 70, 41, 98, 85, 119, 122, 117, 5, 38, 94, 110, 68, 87, 43, 63, 109, 4, 44, 104, 53, 100, 75, 3, 11, 88, 30, 91, 57, 105, 108, 55, 90, 74, 95, 96, 71, 25, 19, 7, 77, 16, 78, 121, 73, 2, 101, 45, 61, 26, 127, 24, 51, 47, 106, 112, 28, 15, 1, 49, 58, 64, 118, 37, 10, 27, 46, 125, 81, 79, 12, 69, 52, 126, 67, 83, 50, 92, 102, 23, 89, 32, 54, 8, 93, 20, 13, 113, 114, 115, 103, 56, 66, 35, 99, 82, 120, 22, 65, 33, 59, 17, 124, 42, 84, 29, 123, 60, 14, 76, 97, 39, 9, 40, 21, 86, 62, 111, 36, 6, 72, 80, 18, 116, 48, 31, 107] 650970
[109, 105, 32, 82, 18, 94, 3, 25, 116, 39, 17, 79, 58, 104, 51, 118, 4, 29, 87, 76, 24, 83, 33, 102, 26, 56, 69, 90, 10, 42, 98, 71, 37, 8, 78, 34, 93, 61, 72, 68, 80, 21, 49, 127, 107, 62, 31, 81, 12, 66, 123, 19, 41, 74, 1, 50, 121, 115, 7, 64, 119, 11, 101, 99, 86, 111, 67, 85, 45, 5, 48, 30, 100, 52, 36, 9, 126, 60, 27, 2, 89, 125, 14, 22, 122, 97, 53, 92, 65, 70, 55, 73, 6, 13, 103, 106, 54, 114, 46, 88, 120, 110, 96, 59, 57, 40, 20, 15, 112, 117, 95, 113, 75, 47, 28, 108, 77, 43, 63, 84, 44, 124, 91, 38, 35, 23, 16] 616648
[60, 33, 14, 79, 56, 43, 18, 11, 48, 105, 19, 81, 42, 40, 68, 118, 112, 123, 98, 62, 108, 6, 96, 10, 88, 125, 84, 86, 21, 12, 114, 115, 82, 94, 41, 3, 121, 5, 111, 25, 13, 119, 15, 35, 73, 93, 69, 4, 124, 47, 83, 24, 57, 72, 109, 122, 100, 113, 74, 45, 53, 51, 106, 91, 75, 103, 27, 117, 29, 26, 17, 70, 58, 65, 16, 76, 120, 46, 110, 2, 50, 55, 87, 77, 8, 95, 89, 44, 37, 107, 20, 52, 127, 59, 32, 97, 36, 78, 34, 61, 7, 85, 9, 63, 92, 23, 31, 49, 22, 126, 54, 28, 71, 90, 102, 38, 30, 116, 80, 64, 99, 39, 104, 66, 101, 67, 1] 643958
[35, 37, 60, 82, 52, 61, 77, 106, 57, 15, 34, 50, 16, 120, 70, 78, 115, 81, 123, 28, 53, 74, 109, 124, 63, 73, 94, 18, 13, 76, 125, 40, 33, 121, 44, 25, 36, 9, 92, 7, 59, 85, 69, 42, 88, 22, 71, 113, 118, 64, 31, 58, 41, 48, 17, 80, 126, 97, 72, 127, 45, 8, 2, 100, 83, 98, 10, 32, 55, 84, 29, 116, 108, 14, 105, 5, 122, 54, 12, 38, 46, 68, 119, 107, 62, 30, 19, 4, 65, 99, 67, 56, 101, 112, 1, 117, 75, 3, 114, 11, 91, 6, 23, 27, 104, 90, 47, 96, 26, 111, 43, 49, 89, 39, 93, 21, 24, 20, 110, 66, 95, 87, 79, 102, 51, 103, 86] 644004
[100, 9, 64, 1, 19, 117, 89, 59, 49, 29, 14, 53, 8, 11, 101, 79, 46, 126, 13, 30, 87, 106, 58, 92, 18, 75, 56, 110, 68, 45, 27, 78, 55, 7, 2, 123, 10, 16, 98, 72, 28, 113, 114, 42, 39, 54, 93, 48, 17, 109, 104, 32, 15, 124, 12, 34, 70, 69, 4, 22, 81, 73, 94, 63, 61, 111, 85, 36, 37, 71, 31, 84, 60, 118, 23, 115, 125, 121, 103, 35, 105, 107, 6, 112, 66, 40, 38, 77, 99, 41, 5, 97, 127, 116, 21, 88, 62, 96, 122, 74, 20, 91, 80, 90, 119, 82, 52, 108, 120, 76, 24, 33, 67, 51, 47, 50, 26, 44, 25, 83, 43, 57, 3, 102, 95, 86, 65] 630973
[112, 87, 59, 90, 7, 76, 40, 43, 21, 118, 57, 3, 122, 103, 36, 77, 123, 19, 13, 24, 93, 69, 12, 65, 38, 94, 92, 58, 88, 54, 31, 44, 78, 119, 121, 16, 110, 99, 74, 114, 52, 91, 120, 66, 48, 20, 96, 107, 6, 15, 49, 79, 126, 32, 124, 34, 70, 101, 108, 80, 14, 97, 8, 4, 47, 30, 23, 81, 22, 10, 113, 55, 1, 17, 56, 109, 100, 29, 83, 115, 89, 61, 50, 68, 117, 27, 53, 11, 9, 71, 42, 106, 64, 25, 46, 62, 95, 26, 125, 37, 111, 84, 72, 60, 45, 98, 73, 18, 35, 86, 105, 102, 82, 67, 33, 2, 75, 104, 5, 85, 116, 41, 39, 51, 63, 127, 28] 640550
[43, 45, 41, 39, 57, 14, 124, 21, 23, 5, 10, 16, 42, 67, 47, 110, 20, 72, 88, 71, 82, 93, 44, 7, 127, 96, 9, 104, 90, 98, 108, 30, 74, 123, 111, 92, 35, 65, 32, 56, 64, 12, 83, 114, 89, 86, 125, 34, 84, 38, 52, 62, 24, 121, 60, 112, 109, 105, 100, 26, 50, 117, 49, 4, 2, 106, 11, 119, 46, 97, 59, 107, 76, 87, 116, 36, 17, 15, 70, 94, 79, 31, 55, 33, 113, 54, 18, 126, 61, 81, 85, 19, 27, 13, 95, 68, 115, 102, 103, 8, 66, 91, 48, 51, 77, 69, 73, 6, 99, 40, 1, 63, 29, 101, 75, 58, 22, 37, 78, 25, 28, 120, 118, 53, 122, 80, 3] 642977
[108, 83, 82, 65, 112, 10, 80, 99, 120, 54, 89, 96, 39, 95, 93, 59, 102, 110, 107, 60, 3, 101, 45, 17, 104, 98, 100, 47, 36, 8, 90, 117, 84, 53, 106, 55, 37, 31, 22, 105, 64, 34, 115, 118, 21, 19, 111, 14, 71, 116, 15, 23, 92, 66, 75, 57, 124, 88, 7, 9, 12, 26, 63, 114, 42, 76, 103, 43, 122, 94, 79, 87, 18, 35, 127, 28, 2, 24, 109, 41, 67, 86, 74, 32, 51, 27, 97, 81, 25, 20, 62, 49, 73, 78, 126, 70, 40, 30, 91, 69, 46, 16, 48, 4, 77, 44, 121, 123, 11, 50, 113, 56, 38, 13, 52, 125, 68, 61, 58, 119, 33, 72, 5, 29, 85, 6, 1] 620724
[123, 78, 110, 5, 24, 101, 126, 37, 96, 112, 89, 52, 77, 18, 3, 70, 118, 9, 125, 62, 30, 119, 120, 26, 88, 27, 41, 48, 42, 54, 40, 17, 2, 32, 15, 22, 28, 4, 46, 71, 47, 44, 67, 114, 51, 73, 95, 115, 65, 86, 45, 122, 64, 81, 108, 111, 121, 124, 104, 94, 66, 20, 12, 87, 69, 6, 80, 21, 105, 91, 8, 33, 50, 97, 79, 99, 56, 102, 63, 116, 98, 82, 59, 55, 75, 36, 34, 90, 58, 76, 19, 85, 31, 39, 127, 53, 38, 43, 68, 16, 74, 29, 7, 117, 84, 49, 107, 13, 1, 57, 60, 92, 11, 25, 83, 93, 35, 109, 72, 100, 10, 14, 61, 23, 113, 106, 103] 615505
[126, 89, 3, 25, 22, 59, 32, 100, 61, 110, 54, 81, 118, 88, 57, 69, 31, 66, 21, 37, 49, 64, 127, 73, 50, 60, 68, 125, 91, 85, 28, 104, 41, 94, 122, 99, 101, 33, 65, 76, 55, 71, 87, 23, 108, 51, 34, 95, 115, 63, 48, 2, 53, 84, 8, 121, 119, 27, 36, 52, 83, 123, 4, 72, 106, 19, 112, 39, 70, 56, 26, 38, 11, 74, 109, 42, 78, 80, 14, 7, 120, 47, 67, 105, 75, 20, 62, 114, 111, 30, 82, 35, 16, 1, 93, 97, 10, 44, 92, 9, 6, 17, 40, 58, 90, 98, 24, 43, 116, 102, 12, 103, 5, 18, 86, 124, 29, 45, 15, 107, 79, 96, 113, 117, 46, 77, 13] 681410
[79, 42, 72, 124, 87, 119, 7, 68, 27, 115, 123, 76, 69, 59, 64, 47, 37, 82, 77, 50, 62, 97, 33, 127, 11, 120, 20, 94, 1, 101, 95, 102, 126, 2, 3, 44, 109, 88, 80, 93, 71, 45, 31, 104, 30, 18, 84, 29, 40, 48, 92, 85, 58, 111, 23, 57, 5, 51, 14, 61, 21, 67, 4, 32, 99, 28, 41, 6, 49, 86, 46, 116, 56, 9, 8, 19, 96, 43, 121, 98, 91, 26, 36, 12, 83, 105, 24, 122, 114, 100, 117, 52, 90, 125, 60, 10, 81, 17, 112, 78, 16, 22, 113, 103, 34, 73, 89, 55, 25, 15, 107, 70, 39, 35, 53, 108, 74, 65, 63, 54, 106, 66, 118, 38, 13, 110, 75] 629239
[89, 102, 30, 46, 80, 2, 13, 71, 98, 45, 117, 82, 3, 66, 51, 108, 20, 76, 107, 75, 74, 126, 56, 114, 49, 100, 62, 67, 25, 59, 35, 6, 21, 37, 125, 18, 1, 106, 93, 113, 63, 99, 103, 127, 12, 40, 58, 39, 122, 38, 53, 33, 54, 95, 60, 120, 73, 5, 41, 115, 97, 23, 50, 15, 24, 29, 48, 104, 83, 79, 65, 47, 36, 87, 88, 118, 90, 96, 52, 17, 121, 31, 78, 9, 61, 57, 111, 86, 85, 109, 10, 55, 124, 28, 43, 22, 14, 110, 77, 26, 68, 16, 81, 7, 101, 119, 116, 69, 94, 105, 92, 32, 8, 84, 64, 91, 4, 70, 72, 44, 19, 123, 11, 42, 34, 112, 27] 623563
[37, 48, 29, 110, 114, 32, 53, 102, 99, 71, 15, 41, 106, 70, 4, 3, 2, 109, 90, 9, 23, 51, 16, 43, 75, 84, 108, 83, 97, 10, 100, 11, 46, 77, 45, 36, 88, 112, 21, 34, 94, 17, 24, 6, 26, 38, 124, 69, 20, 31, 54, 30, 104, 49, 50, 117, 57, 25, 125, 86, 111, 101, 92, 27, 95, 56, 121, 5, 42, 14, 122, 126, 68, 93, 58, 73, 55, 61, 87, 72, 116, 79, 28, 59, 22, 19, 118, 85, 105, 98, 18, 63, 113, 120, 89, 76, 60, 115, 40, 127, 8, 66, 82, 74, 35, 39, 52, 12, 81, 103, 91, 7, 44, 107, 123, 119, 65, 62, 80, 67, 64, 13, 96, 33, 78, 1, 47] 649062
[44, 113, 42, 30, 73, 51, 49, 46, 18, 29, 104, 90, 117, 28, 60, 126, 67, 4, 19, 88, 120, 21, 5, 99, 3, 8, 23, 122, 100, 106, 2, 105, 121, 79, 15, 70, 12, 31, 96, 62, 83, 98, 58, 36, 34, 43, 89, 108, 110, 22, 41, 54, 118, 40, 38, 24, 115, 125, 91, 81, 56, 124, 85, 61, 33, 57, 119, 39, 6, 74, 37, 97, 20, 109, 32, 48, 95, 35, 102, 64, 17, 112, 50, 94, 127, 45, 16, 55, 47, 77, 114, 9, 7, 116, 72, 80, 66, 13, 86, 53, 111, 123, 52, 27, 103, 87, 63, 69, 78, 11, 84, 68, 76, 82, 75, 71, 25, 59, 101, 10, 14, 65, 93, 107, 92, 26, 1] 585926
[23, 105, 6, 112, 89, 119, 56, 82, 43, 100, 16, 91, 61, 2, 113, 7, 31, 106, 1, 42, 124, 85, 50, 65, 75, 60, 53, 14, 111, 11, 37, 77, 69, 96, 55, 98, 72, 115, 122, 48, 33, 26, 125, 88, 66, 54, 12, 49, 20, 30, 46, 19, 93, 59, 81, 15, 57, 74, 62, 4, 21, 103, 108, 70, 83, 24, 109, 116, 99, 78, 9, 110, 47, 10, 64, 117, 123, 95, 18, 114, 17, 25, 118, 80, 107, 29, 126, 76, 92, 90, 58, 39, 38, 86, 27, 32, 28, 94, 13, 52, 102, 68, 8, 35, 41, 121, 3, 104, 87, 63, 5, 44, 71, 22, 84, 120, 67, 79, 45, 51, 36, 73, 97, 101, 34, 40, 127] 608981
[87, 27, 94, 73, 56, 100, 117, 109, 63, 98, 28, 92, 59, 69, 76, 61, 45, 110, 121, 37, 82, 120, 102, 96, 54, 1, 88, 118, 6, 103, 35, 101, 104, 20, 83, 47, 70, 48, 67, 13, 16, 38, 62, 127, 95, 2, 44, 49, 99, 22, 29, 111, 36, 57, 126, 68, 8, 26, 15, 119, 5, 55, 32, 58, 31, 21, 23, 81, 105, 24, 115, 50, 10, 66, 42, 116, 14, 17, 3, 34, 64, 107, 97, 106, 72, 86, 74, 108, 9, 52, 7, 122, 30, 4, 19, 80, 114, 91, 125, 43, 41, 123, 40, 93, 112, 79, 75, 78, 60, 18, 113, 25, 85, 39, 124, 84, 90, 46, 71, 89, 11, 53, 65, 33, 77, 12, 51] 624757
[7, 84, 48, 21, 94, 68, 99, 33, 98, 102, 24, 53, 118, 2, 41, 109, 81, 55, 11, 72, 19, 51, 46, 108, 103, 110, 35, 6, 120, 61, 23, 1, 123, 127, 52, 69, 83, 126, 125, 26, 22, 85, 43, 124, 74, 56, 39, 54, 27, 42, 12, 66, 65, 29, 117, 25, 47, 62, 37, 16, 89, 40, 49, 14, 97, 67, 116, 13, 32, 75, 59, 87, 57, 30, 93, 71, 111, 4, 112, 60, 15, 45, 78, 28, 9, 101, 80, 121, 63, 88, 34, 5, 113, 3, 20, 31, 18, 107, 119, 82, 8, 122, 38, 17, 73, 76, 91, 92, 79, 50, 100, 96, 44, 104, 86, 114, 10, 70, 64, 36, 58, 106, 115, 105, 95, 90, 77] 619000
[87, 79, 37, 21, 5, 102, 80, 73, 35, 31, 27, 107, 124, 33, 11, 72, 105, 108, 8, 47, 99, 83, 113, 59, 85, 104, 64, 92, 22, 13, 41, 32, 48, 20, 81, 66, 112, 67, 40, 4, 50, 82, 57, 101, 38, 17, 121, 70, 53, 84, 78, 126, 97, 91, 86, 29, 88, 42, 95, 36, 123, 9, 103, 118, 16, 54, 120, 34, 19, 28, 65, 93, 60, 46, 12, 75, 43, 24, 58, 74, 116, 119, 96, 61, 63, 39, 125, 6, 114, 115, 30, 110, 14, 7, 68, 109, 98, 69, 90, 100, 51, 44, 127, 76, 117, 18, 62, 49, 45, 77, 10, 52, 3, 23, 2, 71, 15, 106, 122, 26, 94, 1, 56, 25, 111, 89, 55] 611592
[108, 37, 122, 12, 83, 60, 120, 11, 112, 82, 101, 87, 110, 114, 34, 23, 117, 35, 14, 95, 31, 74, 106, 41, 105, 13, 75, 71, 118, 73, 29, 2, 99, 63, 18, 44, 7, 20, 64, 57, 92, 22, 124, 125, 4, 33, 47, 16, 6, 62, 116, 1, 91, 98, 84, 78, 25, 17, 69, 93, 97, 72, 51, 67, 9, 94, 79, 30, 38, 48, 121, 90, 40, 10, 54, 100, 36, 42, 127, 80, 53, 24, 49, 21, 102, 103, 89, 107, 76, 58, 66, 46, 5, 81, 123, 27, 113, 59, 77, 32, 56, 111, 115, 26, 28, 70, 45, 52, 15, 65, 86, 50, 104, 88, 43, 119, 8, 19, 39, 126, 55, 68, 96, 3, 85, 61, 109] 608906
[120, 104, 79, 52, 99, 59, 23, 46, 69, 112, 24, 72, 121, 67, 123, 33, 106, 85, 90, 109, 53, 61, 21, 44, 70, 63, 114, 62, 91, 95, 5, 75, 8, 19, 74, 17, 50, 115, 20, 89, 39, 7, 40, 55, 47, 14, 66, 83, 9, 11, 65, 6, 103, 105, 15, 81, 108, 101, 1, 57, 88, 107, 78, 4, 49, 34, 64, 43, 127, 38, 84, 42, 45, 73, 3, 10, 76, 30, 77, 35, 111, 125, 26, 58, 48, 92, 94, 27, 93, 102, 122, 28, 98, 80, 18, 124, 31, 82, 68, 86, 97, 32, 87, 113, 119, 25, 96, 126, 117, 54, 29, 51, 110, 100, 118, 56, 16, 71, 12, 41, 116, 36, 37, 22, 13, 60, 2] 621848
[110, 59, 75, 40, 27, 67, 24, 125, 82, 103, 57, 14, 8, 123, 85, 121, 39, 126, 127, 19, 108, 74, 30, 106, 100, 20, 18, 34, 102, 77, 42, 37, 6, 122, 99, 32, 70, 52, 41, 25, 116, 3, 22, 120, 83, 68, 1, 76, 89, 69, 26, 86, 113, 9, 16, 60, 124, 95, 71, 56, 53, 17, 64, 96, 44, 87, 88, 55, 94, 58, 31, 51, 29, 65, 21, 10, 97, 28, 118, 72, 111, 84, 90, 80, 61, 12, 50, 54, 92, 48, 4, 11, 117, 101, 38, 112, 35, 91, 23, 98, 81, 119, 45, 104, 5, 46, 79, 2, 109, 78, 15, 33, 93, 36, 47, 63, 114, 7, 115, 66, 73, 105, 107, 62, 43, 49, 13] 650339
[113, 34, 70, 116, 108, 90, 8, 14, 123, 85, 2, 36, 93, 83, 112, 124, 115, 96, 49, 92, 111, 1, 30, 40, 81, 69, 86, 65, 78, 32, 72, 11, 51, 71, 103, 68, 87, 28, 91, 35, 20, 67, 66, 7, 61, 122, 17, 104, 54, 107, 39, 3, 41, 105, 100, 62, 74, 89, 22, 97, 60, 6, 44, 106, 95, 33, 75, 125, 76, 5, 102, 110, 64, 121, 15, 29, 42, 46, 101, 117, 82, 48, 24, 37, 94, 52, 63, 58, 45, 18, 80, 9, 114, 77, 53, 59, 4, 31, 119, 99, 120, 23, 21, 88, 55, 13, 38, 126, 84, 73, 109, 25, 127, 16, 56, 12, 43, 27, 118, 98, 26, 10, 57, 79, 50, 47, 19] 622156
[77, 120, 101, 100, 28, 43, 65, 2, 118, 67, 21, 86, 116, 63, 96, 18, 83, 38, 124, 88, 36, 127, 61, 78, 69, 113, 121, 26, 74, 37, 55, 84, 47, 42, 102, 9, 22, 108, 119, 76, 79, 122, 13, 107, 14, 94, 4, 110, 60, 58, 91, 30, 57, 44, 41, 19, 54, 99, 104, 71, 92, 106, 123, 10, 105, 17, 46, 40, 66, 27, 90, 98, 73, 6, 93, 103, 1, 68, 97, 24, 33, 20, 34, 16, 3, 31, 80, 82, 85, 125, 32, 25, 72, 117, 126, 48, 95, 64, 23, 81, 8, 114, 53, 5, 52, 70, 7, 75, 59, 39, 51, 56, 12, 11, 115, 35, 109, 15, 111, 62, 45, 112, 89, 50, 29, 49, 87] 612958
[27, 4, 41, 78, 14, 111, 120, 92, 64, 88, 38, 18, 87, 26, 1, 39, 101, 126, 76, 82, 69, 84, 119, 109, 33, 72, 11, 75, 36, 66, 22, 117, 96, 19, 54, 50, 46, 34, 89, 2, 47, 112, 17, 81, 44, 3, 15, 42, 30, 12, 110, 57, 53, 52, 113, 6, 106, 98, 20, 79, 124, 95, 91, 116, 67, 121, 55, 85, 122, 105, 70, 115, 13, 99, 74, 37, 63, 100, 93, 94, 10, 25, 24, 104, 9, 61, 49, 62, 90, 83, 86, 43, 45, 51, 97, 28, 102, 123, 107, 65, 80, 60, 21, 8, 16, 58, 114, 103, 7, 5, 127, 56, 32, 23, 31, 125, 48, 40, 108, 71, 73, 29, 59, 35, 77, 118, 68] 580831
[54, 87, 46, 47, 113, 31, 85, 64, 15, 57, 49, 62, 18, 111, 71, 88, 80, 91, 6, 5, 40, 127, 24, 9, 122, 89, 17, 78, 75, 98, 115, 93, 69, 32, 48, 1, 4, 42, 10, 123, 21, 97, 66, 126, 29, 60, 33, 90, 99, 39, 65, 23, 56, 36, 41, 25, 22, 58, 86, 20, 8, 37, 55, 108, 67, 61, 112, 51, 16, 12, 105, 102, 30, 96, 52, 82, 118, 45, 81, 70, 26, 35, 114, 43, 50, 11, 53, 76, 116, 109, 101, 84, 72, 3, 79, 74, 104, 95, 124, 121, 94, 106, 77, 103, 14, 68, 19, 92, 110, 34, 13, 59, 28, 119, 2, 38, 83, 117, 44, 73, 63, 27, 100, 7, 120, 125, 107] 635066
[2, 38, 47, 103, 17, 4, 122, 95, 120, 79, 3, 16, 15, 5, 56, 7, 8, 81, 11, 85, 114, 30, 39, 115, 54, 107, 66, 34, 20, 117, 53, 110, 1, 57, 127, 41, 113, 28, 40, 82, 60, 94, 70, 90, 22, 72, 73, 98, 69, 37, 48, 65, 26, 111, 77, 25, 43, 101, 35, 12, 36, 93, 42, 105, 24, 52, 112, 106, 97, 125, 119, 109, 19, 80, 49, 86, 100, 118, 104, 63, 14, 91, 89, 21, 13, 75, 10, 55, 68, 88, 31, 84, 71, 74, 6, 99, 123, 59, 126, 67, 32, 64, 51, 121, 33, 29, 62, 124, 23, 50, 18, 61, 116, 78, 87, 96, 9, 92, 46, 58, 44, 108, 76, 102, 83, 45, 27] 601451
[98, 21, 36, 102, 87, 35, 126, 47, 2, 77, 80, 57, 63, 96, 49, 7, 37, 13, 44, 97, 8, 84, 89, 54, 58, 16, 26, 50, 10, 82, 123, 62, 115, 78, 101, 6, 119, 91, 52, 15, 28, 61, 72, 17, 45, 41, 42, 79, 86, 94, 71, 5, 31, 90, 33, 108, 104, 24, 9, 68, 110, 81, 117, 60, 65, 103, 20, 66, 27, 114, 55, 59, 116, 112, 75, 113, 64, 12, 1, 76, 51, 22, 109, 11, 100, 105, 127, 99, 121, 92, 122, 48, 111, 95, 14, 69, 53, 124, 25, 23, 125, 39, 29, 74, 73, 38, 19, 106, 32, 118, 120, 85, 43, 30, 4, 88, 83, 67, 107, 93, 34, 18, 40, 3, 56, 46, 70] 629321
[40, 71, 104, 65, 37, 114, 80, 101, 38, 7, 22, 82, 73, 31, 68, 43, 70, 67, 51, 122, 39, 98, 8, 15, 57, 66, 64, 47, 58, 53, 118, 30, 76, 99, 10, 13, 60, 4, 74, 62, 25, 61, 124, 32, 105, 26, 5, 75, 28, 6, 115, 44, 102, 52, 93, 92, 88, 17, 23, 78, 106, 2, 1, 94, 77, 83, 27, 86, 59, 85, 123, 81, 91, 97, 54, 126, 120, 3, 103, 116, 56, 49, 34, 19, 11, 117, 119, 96, 45, 121, 90, 46, 21, 95, 12, 42, 33, 113, 111, 50, 89, 110, 100, 69, 20, 72, 41, 55, 108, 48, 29, 35, 16, 24, 112, 107, 14, 84, 125, 9, 63, 79, 109, 18, 36, 87, 127] 604120
[100, 60, 35, 9, 89, 64, 88, 44, 73, 121, 125, 117, 75, 19, 25, 110, 49, 123, 85, 77, 38, 97, 46, 126, 23, 62, 7, 29, 47, 24, 74, 28, 16, 40, 20, 107, 14, 32, 2, 93, 95, 70, 90, 26, 12, 45, 124, 39, 37, 112, 33, 99, 27, 120, 50, 53, 1, 86, 103, 98, 65, 91, 31, 5, 81, 3, 13, 43, 83, 30, 84, 54, 118, 11, 115, 15, 79, 56, 34, 105, 114, 111, 18, 101, 8, 78, 51, 102, 63, 96, 127, 113, 59, 104, 10, 76, 87, 36, 109, 80, 68, 116, 82, 58, 119, 72, 106, 4, 61, 17, 52, 48, 57, 42, 94, 67, 55, 21, 71, 66, 122, 92, 6, 108, 69, 22, 41] 634038
[5, 4, 39, 81, 37, 71, 20, 40, 101, 58, 61, 115, 100, 50, 18, 13, 45, 52, 30, 55, 94, 8, 97, 107, 42, 66, 41, 85, 68, 9, 29, 47, 63, 27, 75, 38, 74, 35, 46, 95, 22, 73, 49, 12, 108, 124, 110, 48, 62, 82, 111, 121, 17, 70, 60, 109, 2, 7, 28, 92, 15, 57, 125, 114, 56, 76, 19, 14, 93, 86, 98, 99, 67, 78, 33, 51, 106, 118, 10, 59, 3, 53, 90, 105, 83, 11, 80, 79, 89, 96, 72, 120, 126, 84, 16, 36, 64, 23, 1, 44, 122, 88, 21, 34, 87, 43, 32, 112, 104, 119, 26, 69, 127, 91, 31, 103, 102, 65, 24, 113, 123, 6, 117, 77, 116, 54, 25] 662179
[69, 8, 35, 63, 75, 87, 68, 102, 21, 45, 82, 30, 46, 70, 31, 22, 116, 95, 6, 37, 115, 62, 94, 44, 123, 97, 86, 50, 17, 1, 90, 124, 56, 91, 107, 4, 14, 109, 42, 27, 121, 111, 118, 24, 83, 34, 112, 99, 13, 10, 57, 2, 103, 88, 53, 51, 92, 127, 60, 29, 96, 36, 125, 78, 38, 25, 55, 52, 16, 65, 98, 89, 104, 33, 80, 15, 41, 40, 79, 67, 11, 43, 23, 5, 108, 47, 28, 93, 71, 54, 110, 113, 126, 48, 58, 39, 77, 105, 3, 59, 100, 81, 85, 120, 101, 19, 7, 9, 12, 84, 32, 72, 117, 66, 74, 49, 114, 18, 106, 20, 119, 26, 64, 61, 122, 73, 76] 626590
[51, 44, 103, 123, 68, 34, 13, 118, 22, 77, 78, 33, 120, 20, 70, 92, 18, 49, 16, 12, 99, 104, 95, 36, 102, 48, 28, 110, 71, 30, 2, 60, 37, 83, 1, 125, 47, 39, 84, 32, 85, 23, 43, 105, 112, 27, 8, 46, 126, 100, 14, 91, 97, 87, 94, 21, 7, 124, 66, 26, 80, 98, 52, 31, 10, 76, 53, 109, 63, 57, 115, 67, 56, 81, 108, 89, 5, 25, 65, 101, 62, 119, 82, 79, 3, 42, 113, 61, 29, 117, 86, 58, 6, 19, 122, 88, 45, 111, 93, 121, 74, 114, 72, 54, 59, 107, 106, 69, 11, 73, 75, 9, 15, 50, 40, 17, 127, 55, 24, 64, 116, 4, 38, 41, 35, 96, 90] 639915
[123, 18, 72, 22, 32, 35, 92, 110, 111, 48, 82, 90, 67, 28, 81, 39, 13, 64, 66, 17, 118, 102, 93, 14, 77, 33, 52, 5, 21, 38, 16, 116, 59, 26, 45, 57, 15, 94, 11, 115, 56, 113, 43, 86, 9, 120, 70, 99, 80, 7, 97, 84, 96, 42, 108, 83, 98, 3, 36, 87, 19, 103, 46, 75, 76, 6, 124, 27, 25, 2, 121, 78, 8, 60, 58, 41, 74, 31, 53, 95, 119, 89, 127, 88, 125, 34, 20, 24, 79, 71, 23, 112, 63, 105, 107, 109, 54, 101, 10, 49, 106, 100, 40, 114, 50, 126, 69, 65, 117, 62, 73, 85, 47, 61, 51, 91, 55, 122, 4, 37, 29, 68, 1, 12, 30, 44, 104] 650721
[89, 88, 14, 68, 102, 28, 73, 122, 125, 3, 121, 114, 53, 100, 71, 27, 60, 113, 95, 39, 41, 98, 86, 83, 118, 93, 7, 117, 51, 55, 47, 66, 70, 49, 56, 4, 101, 64, 85, 75, 96, 109, 50, 21, 65, 103, 48, 108, 44, 8, 112, 77, 81, 111, 36, 11, 115, 79, 54, 123, 120, 124, 37, 1, 25, 62, 84, 18, 126, 22, 58, 34, 23, 87, 5, 105, 127, 43, 99, 57, 16, 32, 52, 76, 15, 19, 90, 61, 94, 59, 29, 104, 6, 82, 72, 92, 107, 17, 2, 24, 31, 74, 67, 116, 110, 20, 45, 63, 30, 91, 78, 69, 10, 42, 12, 80, 119, 35, 13, 33, 38, 40, 97, 9, 106, 46, 26] 628059
[121, 79, 18, 40, 56, 104, 20, 98, 55, 91, 48, 101, 111, 107, 13, 60, 12, 46, 72, 28, 80, 126, 38, 66, 94, 114, 53, 6, 116, 24, 74, 41, 115, 10, 71, 45, 95, 7, 50, 58, 29, 31, 21, 3, 14, 54, 102, 44, 122, 118, 43, 35, 61, 33, 39, 87, 99, 36, 42, 8, 70, 108, 100, 86, 9, 125, 19, 93, 85, 52, 92, 5, 78, 96, 37, 16, 109, 119, 15, 2, 47, 90, 63, 4, 110, 84, 69, 25, 62, 67, 124, 76, 30, 127, 23, 22, 27, 11, 75, 112, 64, 81, 120, 77, 113, 1, 17, 73, 65, 34, 97, 88, 117, 59, 103, 32, 49, 68, 26, 89, 83, 51, 82, 106, 123, 105, 57] 643405
[55, 44, 41, 29, 72, 90, 83, 58, 1, 47, 108, 109, 4, 76, 78, 51, 32, 85, 115, 12, 75, 66, 34, 105, 89, 119, 106, 17, 59, 33, 111, 35, 117, 57, 103, 54, 67, 19, 125, 65, 40, 92, 16, 93, 46, 91, 94, 45, 18, 81, 80, 25, 24, 21, 7, 2, 5, 28, 71, 114, 3, 31, 37, 86, 88, 22, 113, 10, 82, 38, 102, 74, 73, 97, 42, 101, 100, 87, 70, 124, 84, 118, 52, 61, 11, 110, 104, 26, 20, 107, 30, 126, 36, 127, 6, 62, 122, 9, 39, 13, 120, 116, 43, 77, 68, 15, 64, 96, 112, 63, 99, 53, 56, 121, 48, 79, 60, 14, 8, 69, 50, 95, 98, 23, 27, 123, 49] 603815
[4, 45, 16, 61, 97, 93, 101, 75, 22, 118, 35, 64, 71, 51, 120, 121, 104, 49, 27, 2, 96, 24, 83, 31, 33, 66, 113, 11, 85, 12, 26, 6, 99, 107, 69, 20, 74, 91, 89, 50, 102, 72, 60, 88, 123, 44, 95, 80, 29, 30, 70, 67, 37, 25, 36, 39, 55, 122, 56, 84, 28, 1, 17, 115, 21, 10, 54, 110, 40, 73, 18, 52, 3, 57, 117, 119, 127, 14, 53, 68, 58, 8, 108, 79, 100, 87, 106, 90, 82, 124, 114, 41, 126, 112, 19, 77, 92, 13, 15, 103, 63, 48, 105, 86, 59, 62, 34, 81, 32, 7, 42, 47, 98, 76, 38, 94, 116, 9, 5, 111, 125, 46, 78, 23, 43, 109, 65] 643117
[118, 105, 66, 54, 114, 95, 86, 82, 20, 116, 91, 21, 125, 27, 90, 67, 4, 51, 22, 56, 84, 76, 2, 108, 113, 127, 62, 94, 124, 58, 64, 38, 34, 24, 16, 78, 5, 63, 117, 35, 52, 122, 45, 37, 104, 101, 41, 14, 93, 61, 1, 87, 18, 119, 13, 107, 109, 55, 65, 73, 47, 29, 19, 102, 53, 88, 25, 36, 69, 33, 75, 26, 44, 80, 123, 8, 48, 83, 17, 39, 40, 50, 81, 59, 71, 60, 32, 68, 121, 110, 92, 7, 100, 12, 3, 103, 15, 57, 9, 85, 46, 111, 79, 31, 43, 106, 97, 77, 120, 70, 89, 74, 96, 30, 10, 99, 6, 28, 72, 115, 112, 23, 42, 98, 126, 11, 49] 645710
[112, 65, 52, 24, 21, 20, 72, 1, 19, 63, 103, 124, 33, 79, 10, 119, 37, 46, 31, 96, 93, 47, 108, 67, 12, 4, 121, 22, 109, 58, 9, 106, 35, 6, 113, 8, 105, 82, 110, 28, 61, 115, 81, 87, 18, 117, 49, 15, 57, 39, 83, 76, 80, 126, 56, 41, 5, 70, 118, 50, 125, 111, 120, 42, 16, 69, 14, 36, 30, 38, 100, 123, 26, 25, 68, 64, 13, 101, 86, 88, 97, 75, 104, 122, 54, 53, 107, 77, 95, 55, 59, 78, 90, 34, 2, 17, 43, 116, 3, 7, 89, 27, 85, 45, 102, 92, 91, 66, 98, 94, 127, 51, 48, 114, 84, 11, 40, 44, 32, 29, 23, 62, 71, 74, 73, 60, 99] 595916
[64, 4, 84, 30, 5, 67, 102, 52, 90, 58, 63, 65, 26, 59, 56, 66, 34, 118, 50, 3, 44, 61, 51, 126, 20, 46, 123, 21, 41, 31, 43, 49, 73, 40, 77, 114, 12, 23, 124, 95, 82, 81, 92, 54, 113, 70, 76, 33, 127, 68, 88, 79, 57, 121, 14, 10, 29, 101, 80, 86, 36, 85, 13, 6, 104, 15, 99, 37, 53, 17, 19, 110, 119, 98, 22, 107, 62, 89, 93, 24, 8, 97, 122, 94, 117, 16, 69, 48, 111, 7, 116, 35, 103, 42, 25, 105, 47, 9, 91, 11, 83, 45, 38, 109, 75, 87, 100, 28, 74, 32, 108, 71, 115, 78, 55, 1, 96, 72, 27, 120, 39, 2, 125, 18, 106, 112, 60] 629460
[40, 104, 12, 90, 19, 121, 95, 71, 78, 42, 69, 11, 29, 26, 16, 10, 83, 76, 60, 120, 21, 72, 39, 91, 86, 102, 34, 80, 32, 124, 118, 94, 98, 110, 28, 49, 127, 56, 109, 23, 55, 14, 103, 46, 2, 107, 44, 4, 67, 7, 64, 106, 99, 122, 61, 126, 30, 50, 62, 47, 75, 18, 123, 58, 36, 33, 100, 87, 27, 105, 65, 82, 52, 9, 24, 3, 45, 112, 73, 113, 89, 117, 93, 108, 96, 1, 84, 13, 59, 53, 48, 35, 6, 8, 125, 22, 88, 66, 68, 70, 17, 85, 79, 114, 41, 57, 51, 54, 5, 74, 92, 115, 81, 119, 15, 97, 37, 38, 31, 77, 101, 116, 20, 63, 111, 25, 43] 620360
[61, 88, 89, 74, 81, 12, 87, 114, 20, 17, 15, 6, 116, 13, 42, 79, 4, 46, 80, 125, 73, 5, 93, 68, 67, 110, 31, 100, 123, 121, 58, 92, 11, 1, 28, 63, 27, 53, 2, 29, 49, 59, 62, 90, 23, 56, 41, 97, 127, 111, 38, 14, 26, 69, 30, 98, 44, 54, 120, 124, 43, 16, 122, 84, 66, 119, 83, 9, 10, 22, 65, 19, 7, 115, 71, 70, 34, 51, 52, 45, 95, 37, 78, 40, 82, 104, 24, 18, 35, 105, 50, 85, 103, 60, 33, 101, 64, 21, 102, 75, 32, 55, 126, 47, 36, 113, 109, 86, 76, 112, 108, 99, 57, 39, 77, 8, 118, 94, 96, 3, 91, 48, 72, 25, 117, 106, 107] 596834
[46, 19, 120, 35, 60, 96, 80, 87, 97, 12, 63, 53, 34, 15, 56, 99, 118, 21, 88, 95, 77, 38, 33, 103, 57, 70, 6, 1, 101, 3, 44, 106, 79, 127, 100, 84, 2, 82, 105, 94, 110, 49, 62, 42, 122, 113, 89, 74, 124, 125, 66, 8, 27, 115, 11, 9, 25, 91, 52, 5, 65, 71, 90, 83, 111, 24, 23, 72, 102, 92, 59, 68, 69, 28, 17, 73, 108, 67, 75, 78, 107, 40, 121, 64, 47, 126, 54, 112, 41, 86, 7, 31, 58, 61, 45, 76, 10, 123, 117, 20, 93, 51, 98, 104, 26, 114, 29, 43, 109, 18, 4, 22, 55, 119, 39, 85, 50, 13, 81, 48, 16, 30, 37, 116, 32, 14, 36] 655585
[76, 22, 94, 3, 82, 74, 78, 9, 116, 7, 32, 115, 96, 72, 63, 108, 83, 106, 34, 8, 127, 73, 126, 99, 37, 45, 15, 56, 39, 48, 69, 41, 104, 91, 75, 27, 31, 107, 120, 84, 55, 60, 35, 61, 46, 93, 18, 10, 14, 1, 54, 30, 21, 65, 77, 58, 12, 112, 119, 28, 25, 64, 53, 23, 4, 87, 97, 42, 19, 100, 5, 103, 40, 11, 2, 85, 59, 36, 29, 113, 52, 122, 114, 66, 57, 26, 95, 89, 80, 68, 101, 71, 50, 24, 51, 67, 6, 92, 102, 111, 33, 43, 121, 86, 20, 124, 17, 117, 16, 70, 47, 49, 110, 88, 105, 38, 79, 109, 125, 81, 44, 98, 62, 118, 123, 90, 13] 658406
[33, 77, 63, 15, 45, 28, 35, 81, 122, 126, 11, 85, 110, 19, 23, 14, 114, 67, 90, 87, 106, 119, 111, 124, 52, 83, 68, 6, 36, 127, 8, 46, 120, 30, 53, 104, 34, 100, 66, 98, 116, 1, 103, 2, 109, 112, 125, 102, 49, 16, 82, 4, 55, 78, 9, 118, 31, 74, 115, 93, 91, 39, 42, 38, 123, 24, 21, 76, 89, 12, 96, 32, 99, 51, 94, 62, 117, 73, 69, 17, 29, 47, 48, 5, 121, 3, 64, 59, 43, 20, 101, 57, 56, 97, 92, 7, 65, 44, 54, 75, 84, 72, 80, 26, 107, 18, 61, 13, 95, 22, 50, 86, 25, 113, 88, 71, 40, 41, 58, 79, 60, 70, 105, 108, 10, 27, 37] 627714
[69, 120, 55, 56, 112, 116, 58, 110, 77, 79, 75, 1, 29, 49, 78, 109, 47, 16, 31, 64, 88, 28, 113, 84, 5, 67, 125, 83, 10, 74, 14, 101, 121, 34, 66, 70, 117, 51, 108, 22, 92, 54, 45, 40, 119, 18, 81, 71, 82, 87, 17, 122, 8, 60, 32, 30, 26, 53, 4, 73, 94, 124, 114, 95, 15, 13, 103, 91, 85, 46, 11, 118, 100, 41, 57, 6, 104, 19, 127, 98, 12, 89, 97, 105, 68, 39, 52, 72, 44, 21, 126, 80, 20, 3, 99, 50, 25, 43, 7, 115, 90, 33, 65, 96, 23, 27, 93, 59, 123, 24, 86, 106, 48, 62, 36, 42, 35, 37, 76, 102, 2, 38, 63, 9, 111, 61, 107] 649780
[61, 110, 88, 57, 52, 86, 32, 122, 120, 41, 13, 114, 115, 121, 76, 33, 39, 18, 56, 42, 80, 5, 96, 78, 117, 71, 21, 119, 11, 58, 22, 60, 97, 17, 102, 107, 59, 118, 75, 87, 62, 73, 69, 53, 106, 14, 25, 55, 100, 44, 20, 93, 30, 89, 90, 23, 82, 63, 68, 28, 74, 94, 127, 47, 38, 81, 27, 65, 125, 46, 111, 64, 51, 123, 35, 77, 48, 124, 43, 26, 92, 9, 103, 95, 4, 19, 15, 91, 45, 8, 2, 66, 7, 83, 98, 67, 70, 72, 12, 84, 34, 79, 109, 49, 3, 85, 37, 126, 101, 36, 116, 50, 113, 108, 31, 104, 24, 40, 29, 16, 10, 112, 54, 1, 99, 6, 105] 581382
[31, 85, 37, 100, 13, 95, 42, 86, 123, 70, 47, 1, 94, 9, 76, 65, 29, 71, 10, 27, 63, 16, 14, 58, 96, 53, 50, 46, 21, 68, 97, 32, 89, 52, 87, 127, 122, 124, 61, 90, 39, 107, 102, 3, 69, 83, 105, 17, 110, 57, 26, 126, 111, 56, 77, 109, 62, 34, 81, 7, 72, 4, 54, 28, 43, 103, 59, 82, 118, 6, 48, 114, 19, 36, 66, 44, 108, 78, 115, 49, 2, 38, 11, 117, 106, 101, 33, 73, 125, 8, 104, 18, 12, 24, 5, 75, 88, 23, 60, 99, 45, 22, 80, 91, 119, 116, 41, 40, 112, 20, 98, 51, 74, 55, 84, 121, 92, 25, 64, 15, 35, 79, 113, 30, 67, 120, 93] 670143
[13, 48, 76, 47, 30, 106, 88, 46, 101, 94, 95, 4, 8, 17, 80, 125, 90, 5, 49, 2, 115, 23, 91, 92, 98, 99, 102, 33, 122, 93, 42, 31, 127, 39, 75, 110, 11, 3, 87, 118, 57, 44, 27, 26, 65, 64, 112, 70, 54, 121, 55, 45, 71, 108, 43, 1, 35, 10, 58, 56, 6, 41, 16, 28, 89, 19, 97, 72, 103, 117, 63, 20, 40, 18, 51, 86, 85, 126, 73, 84, 96, 22, 114, 34, 50, 120, 113, 107, 66, 36, 9, 14, 61, 60, 62, 21, 123, 68, 111, 69, 78, 100, 24, 32, 74, 29, 104, 59, 105, 38, 116, 15, 52, 81, 77, 124, 82, 7, 53, 119, 37, 12, 109, 67, 25, 83, 79] 608599
[78, 75, 120, 29, 18, 71, 22, 102, 107, 56, 82, 17, 10, 51, 38, 123, 113, 45, 74, 41, 77, 50, 73, 62, 72, 33, 103, 81, 64, 27, 60, 6, 116, 84, 86, 122, 34, 101, 3, 53, 83, 25, 65, 35, 23, 20, 30, 26, 118, 124, 66, 21, 39, 8, 93, 14, 15, 52, 48, 106, 58, 31, 80, 54, 68, 110, 5, 44, 127, 114, 119, 57, 13, 7, 37, 111, 125, 105, 32, 2, 91, 117, 89, 115, 28, 69, 100, 90, 79, 1, 76, 126, 67, 98, 9, 87, 61, 40, 109, 46, 94, 99, 55, 88, 92, 4, 85, 12, 112, 11, 63, 121, 95, 36, 96, 16, 42, 47, 24, 97, 104, 59, 19, 70, 43, 108, 49] 645178
[78, 29, 76, 123, 40, 97, 108, 66, 72, 42, 37, 38, 47, 96, 84, 126, 17, 16, 95, 125, 86, 73, 109, 118, 94, 124, 26, 121, 6, 100, 87, 117, 80, 103, 48, 106, 32, 39, 67, 2, 81, 57, 90, 93, 88, 79, 11, 21, 114, 9, 92, 44, 8, 74, 64, 15, 77, 111, 50, 34, 35, 43, 52, 68, 53, 30, 33, 59, 85, 31, 83, 22, 119, 104, 51, 13, 65, 70, 113, 99, 120, 112, 101, 89, 36, 63, 115, 46, 91, 49, 45, 98, 25, 62, 7, 20, 71, 41, 19, 102, 28, 75, 24, 105, 127, 107, 60, 4, 1, 18, 55, 12, 110, 122, 23, 5, 14, 56, 61, 116, 58, 3, 82, 10, 69, 27, 54] 608107
[23, 6, 87, 42, 11, 88, 75, 51, 72, 2, 91, 121, 30, 46, 122, 102, 94, 18, 111, 16, 24, 39, 110, 48, 82, 62, 90, 86, 71, 89, 123, 68, 15, 19, 61, 44, 127, 98, 37, 58, 33, 106, 66, 112, 70, 38, 54, 36, 107, 45, 84, 41, 7, 10, 50, 29, 57, 85, 109, 76, 124, 20, 25, 40, 35, 63, 5, 67, 32, 56, 53, 116, 83, 47, 78, 13, 113, 125, 9, 43, 104, 92, 27, 26, 126, 28, 119, 74, 101, 22, 34, 118, 105, 69, 59, 114, 95, 3, 60, 31, 108, 79, 120, 80, 14, 73, 96, 4, 77, 99, 8, 81, 52, 49, 115, 93, 65, 21, 103, 64, 12, 55, 1, 97, 117, 17, 100] 622461
[107, 78, 126, 108, 30, 80, 66, 46, 45, 96, 7, 112, 122, 59, 116, 84, 32, 42, 91, 5, 93, 79, 8, 98, 16, 4, 55, 28, 36, 106, 62, 117, 58, 29, 14, 17, 69, 125, 63, 103, 64, 9, 50, 71, 12, 1, 38, 86, 118, 52, 39, 111, 20, 119, 76, 10, 67, 61, 124, 104, 68, 24, 25, 19, 37, 100, 85, 11, 26, 114, 110, 2, 23, 54, 74, 34, 127, 115, 65, 109, 48, 43, 44, 105, 3, 99, 97, 90, 56, 15, 120, 35, 92, 53, 13, 47, 77, 81, 22, 82, 40, 75, 89, 49, 101, 60, 73, 41, 57, 72, 113, 123, 21, 95, 33, 102, 31, 121, 83, 70, 6, 88, 27, 51, 87, 18, 94] 648172
[100, 77, 83, 35, 9, 66, 90, 82, 49, 31, 124, 99, 105, 112, 117, 61, 11, 81, 32, 71, 60, 15, 46, 73, 120, 91, 27, 122, 92, 125, 24, 42, 52, 38, 2, 113, 108, 64, 65, 17, 119, 23, 50, 96, 48, 126, 70, 104, 4, 76, 47, 68, 115, 22, 45, 116, 12, 21, 41, 28, 44, 57, 25, 8, 39, 85, 14, 7, 56, 95, 86, 101, 109, 67, 51, 102, 114, 78, 97, 123, 43, 89, 3, 36, 19, 121, 33, 93, 72, 40, 29, 55, 87, 127, 5, 58, 98, 62, 10, 74, 37, 75, 69, 63, 53, 18, 111, 84, 88, 107, 30, 103, 80, 110, 13, 34, 106, 54, 79, 16, 94, 118, 59, 6, 1, 26, 20] 649257
[26, 105, 113, 22, 51, 61, 7, 49, 58, 72, 99, 59, 45, 10, 114, 73, 89, 35, 16, 46, 91, 12, 111, 127, 27, 124, 86, 102, 92, 20, 65, 19, 17, 4, 38, 25, 32, 84, 42, 21, 93, 82, 5, 6, 66, 83, 74, 80, 69, 95, 52, 8, 56, 103, 85, 33, 122, 121, 125, 118, 24, 48, 98, 108, 126, 76, 43, 60, 117, 37, 39, 54, 88, 31, 96, 109, 2, 123, 63, 116, 94, 64, 40, 13, 70, 101, 77, 1, 81, 34, 90, 3, 44, 23, 50, 14, 100, 30, 41, 36, 67, 115, 57, 79, 104, 110, 9, 47, 71, 55, 87, 112, 107, 53, 28, 29, 106, 78, 97, 11, 62, 18, 75, 119, 68, 120, 15] 606353
[27, 102, 59, 95, 107, 115, 32, 17, 43, 44, 93, 13, 77, 46, 49, 3, 23, 104, 90, 29, 106, 74, 40, 5, 89, 81, 79, 60, 124, 113, 19, 70, 33, 35, 126, 9, 45, 65, 105, 112, 25, 125, 118, 67, 2, 114, 38, 122, 30, 111, 66, 117, 103, 26, 24, 8, 36, 16, 51, 119, 11, 109, 15, 73, 121, 71, 20, 100, 12, 61, 94, 42, 18, 86, 127, 78, 98, 101, 62, 82, 39, 55, 52, 56, 123, 53, 83, 31, 110, 99, 21, 48, 69, 88, 22, 91, 84, 7, 28, 10, 116, 50, 96, 58, 97, 34, 108, 92, 6, 1, 64, 120, 37, 63, 54, 85, 87, 80, 4, 14, 76, 75, 47, 72, 68, 41, 57] 623997
[42, 67, 82, 58, 41, 1, 35, 40, 38, 19, 120, 125, 109, 66, 108, 100, 28, 73, 91, 83, 93, 81, 20, 2, 124, 104, 43, 27, 92, 39, 62, 5, 17, 126, 4, 61, 80, 106, 102, 112, 16, 97, 101, 116, 79, 114, 63, 127, 118, 7, 71, 115, 59, 24, 99, 94, 10, 53, 123, 72, 18, 9, 68, 47, 107, 37, 3, 21, 90, 14, 12, 49, 113, 78, 105, 26, 89, 36, 69, 98, 50, 13, 96, 60, 25, 74, 121, 75, 77, 51, 6, 48, 85, 111, 122, 57, 70, 76, 45, 44, 34, 32, 88, 117, 110, 30, 84, 46, 29, 103, 56, 31, 11, 22, 87, 119, 33, 23, 64, 15, 95, 8, 86, 52, 55, 54, 65] 643427
[39, 78, 98, 15, 28, 65, 124, 21, 56, 85, 22, 34, 51, 89, 84, 127, 66, 108, 74, 117, 19, 25, 71, 11, 106, 32, 96, 115, 64, 30, 90, 47, 43, 92, 93, 16, 4, 119, 88, 17, 107, 35, 6, 125, 2, 75, 49, 116, 94, 126, 41, 29, 58, 24, 109, 23, 76, 3, 9, 53, 48, 103, 73, 57, 110, 105, 40, 113, 68, 80, 123, 99, 63, 7, 111, 46, 37, 42, 27, 87, 120, 10, 36, 62, 55, 82, 20, 118, 72, 44, 45, 52, 97, 100, 77, 69, 5, 91, 79, 121, 112, 14, 59, 8, 70, 60, 26, 67, 81, 1, 13, 95, 104, 61, 102, 54, 86, 12, 31, 101, 18, 50, 83, 33, 114, 122, 38] 648990
[5, 119, 70, 125, 94, 15, 60, 57, 12, 112, 16, 72, 10, 127, 18, 103, 31, 59, 115, 91, 41, 113, 104, 2, 35, 81, 40, 45, 97, 106, 11, 107, 96, 69, 122, 23, 56, 54, 86, 93, 124, 87, 13, 80, 90, 108, 48, 49, 33, 3, 77, 36, 63, 39, 118, 46, 73, 38, 89, 34, 92, 7, 82, 117, 110, 98, 1, 26, 111, 76, 19, 4, 9, 79, 21, 78, 24, 42, 43, 105, 84, 30, 8, 88, 101, 22, 32, 95, 14, 109, 120, 55, 102, 61, 6, 27, 71, 50, 20, 114, 68, 29, 123, 28, 37, 64, 121, 51, 85, 25, 67, 100, 116, 17, 52, 66, 75, 44, 83, 126, 53, 65, 58, 74, 62, 99, 47] 620920
[55, 49, 72, 11, 102, 112, 97, 16, 26, 105, 68, 10, 40, 34, 54, 50, 60, 56, 29, 69, 65, 90, 17, 31, 15, 119, 88, 53, 45, 38, 83, 109, 19, 59, 94, 121, 7, 6, 39, 87, 110, 3, 108, 101, 89, 30, 95, 111, 42, 106, 64, 21, 82, 32, 81, 5, 57, 18, 14, 103, 58, 104, 75, 22, 4, 78, 27, 46, 25, 79, 28, 124, 73, 123, 122, 48, 9, 63, 71, 13, 113, 70, 24, 115, 23, 98, 61, 41, 51, 99, 84, 33, 52, 67, 12, 126, 37, 107, 43, 85, 62, 117, 74, 8, 118, 1, 127, 2, 114, 44, 77, 116, 47, 76, 91, 92, 86, 66, 80, 100, 35, 96, 36, 120, 20, 125, 93] 612112
[77, 91, 66, 41, 75, 17, 23, 25, 7, 40, 2, 33, 78, 61, 85, 18, 59, 21, 71, 100, 127, 76, 57, 22, 35, 15, 65, 47, 14, 52, 95, 82, 39, 48, 55, 123, 44, 67, 101, 98, 6, 45, 32, 11, 56, 89, 42, 106, 50, 99, 10, 112, 80, 111, 60, 105, 4, 3, 83, 118, 79, 121, 103, 62, 93, 20, 126, 104, 125, 87, 114, 58, 13, 94, 84, 24, 16, 34, 120, 12, 63, 97, 124, 90, 119, 96, 8, 5, 38, 1, 108, 74, 115, 68, 92, 113, 122, 70, 49, 81, 64, 46, 9, 110, 69, 88, 102, 28, 116, 43, 72, 36, 26, 117, 107, 29, 109, 31, 86, 51, 27, 53, 73, 19, 54, 30, 37] 619159
[94, 84, 114, 58, 100, 59, 42, 54, 101, 41, 111, 123, 98, 67, 106, 65, 117, 55, 26, 25, 99, 87, 15, 78, 110, 24, 71, 112, 81, 31, 22, 45, 50, 75, 62, 1, 33, 4, 97, 109, 2, 102, 49, 47, 18, 66, 85, 113, 17, 56, 127, 51, 119, 11, 93, 91, 83, 7, 60, 126, 104, 121, 92, 12, 116, 124, 23, 90, 86, 68, 88, 125, 52, 29, 13, 34, 20, 37, 80, 10, 64, 79, 77, 73, 39, 19, 30, 48, 108, 27, 28, 21, 115, 105, 96, 3, 38, 43, 95, 63, 70, 8, 57, 103, 16, 44, 46, 14, 118, 82, 6, 120, 69, 5, 53, 40, 32, 36, 107, 76, 74, 89, 122, 9, 72, 35, 61] 643416
[57, 37, 77, 115, 123, 99, 103, 102, 81, 55, 11, 56, 6, 88, 47, 20, 63, 124, 85, 89, 107, 87, 58, 43, 59, 73, 79, 53, 78, 118, 66, 35, 75, 33, 121, 116, 98, 2, 62, 24, 28, 122, 108, 117, 3, 74, 42, 14, 30, 16, 39, 97, 70, 36, 44, 111, 7, 4, 72, 71, 92, 15, 5, 65, 67, 84, 104, 127, 106, 50, 110, 93, 26, 68, 9, 60, 25, 113, 86, 31, 101, 51, 49, 54, 1, 120, 83, 17, 10, 76, 23, 112, 64, 109, 105, 114, 8, 90, 22, 12, 95, 80, 38, 48, 34, 96, 119, 40, 52, 94, 41, 32, 100, 91, 18, 21, 69, 82, 19, 13, 27, 45, 126, 125, 29, 61, 46] 637285
[8, 24, 36, 70, 1, 113, 123, 54, 64, 55, 75, 115, 81, 62, 10, 23, 100, 6, 52, 99, 88, 7, 108, 87, 44, 46, 45, 65, 95, 114, 66, 31, 39, 11, 29, 37, 53, 96, 104, 28, 84, 97, 19, 15, 125, 118, 79, 107, 85, 80, 116, 3, 109, 30, 43, 91, 105, 72, 86, 98, 71, 47, 93, 110, 119, 48, 127, 9, 90, 18, 34, 61, 50, 59, 57, 102, 103, 42, 25, 78, 41, 94, 112, 82, 21, 68, 16, 27, 122, 63, 49, 20, 76, 26, 111, 69, 106, 32, 126, 4, 117, 60, 35, 56, 89, 17, 5, 92, 124, 58, 77, 120, 33, 83, 101, 40, 121, 14, 51, 74, 12, 73, 2, 38, 67, 22, 13] 627120
[53, 89, 52, 75, 42, 122, 48, 69, 57, 67, 10, 43, 47, 1, 12, 23, 6, 86, 119, 46, 27, 77, 19, 103, 96, 58, 113, 14, 120, 101, 79, 31, 4, 2, 21, 121, 41, 7, 88, 108, 8, 13, 17, 80, 124, 3, 90, 71, 66, 115, 73, 74, 5, 92, 94, 65, 114, 68, 45, 117, 30, 50, 29, 105, 63, 49, 107, 100, 38, 62, 112, 51, 123, 25, 18, 26, 28, 15, 110, 32, 39, 78, 91, 83, 95, 127, 76, 70, 54, 109, 126, 60, 11, 98, 81, 24, 72, 87, 44, 118, 102, 82, 84, 36, 93, 16, 106, 20, 40, 9, 104, 99, 56, 22, 111, 37, 34, 35, 125, 55, 116, 64, 85, 59, 33, 97, 61] 592936
[43, 27, 6, 82, 80, 28, 119, 37, 29, 63, 112, 4, 13, 92, 5, 46, 95, 36, 106, 25, 58, 31, 12, 101, 97, 91, 50, 64, 116, 102, 69, 26, 61, 75, 84, 1, 126, 73, 121, 109, 52, 108, 24, 115, 38, 107, 86, 14, 30, 32, 22, 76, 124, 85, 15, 9, 87, 19, 67, 96, 78, 94, 47, 3, 60, 123, 105, 53, 18, 16, 11, 44, 33, 83, 89, 35, 8, 10, 103, 93, 51, 81, 90, 125, 20, 66, 77, 110, 41, 70, 40, 99, 79, 98, 120, 127, 104, 65, 2, 57, 45, 34, 122, 74, 23, 56, 72, 7, 117, 111, 71, 54, 59, 114, 118, 48, 88, 17, 62, 39, 49, 68, 21, 100, 55, 113, 42] 631650
[64, 26, 91, 94, 79, 27, 80, 78, 65, 101, 48, 50, 66, 115, 59, 95, 14, 49, 76, 12, 121, 84, 35, 3, 106, 110, 92, 127, 96, 39, 105, 70, 63, 7, 113, 100, 6, 56, 55, 9, 69, 1, 23, 98, 90, 47, 122, 11, 103, 58, 119, 85, 51, 120, 2, 24, 88, 36, 20, 108, 41, 43, 68, 18, 4, 31, 5, 118, 54, 32, 46, 38, 52, 116, 37, 102, 57, 40, 82, 77, 126, 10, 62, 13, 87, 71, 15, 60, 99, 25, 19, 107, 53, 34, 67, 61, 33, 124, 97, 114, 109, 74, 17, 81, 93, 86, 112, 16, 28, 73, 29, 104, 75, 42, 30, 83, 22, 89, 45, 123, 125, 111, 8, 21, 44, 72, 117] 650003
[99, 28, 34, 18, 68, 101, 33, 49, 43, 72, 78, 113, 96, 125, 119, 9, 20, 54, 6, 120, 15, 42, 118, 22, 80, 48, 76, 117, 19, 41, 16, 46, 47, 26, 88, 79, 83, 69, 45, 65, 8, 2, 63, 73, 24, 14, 23, 7, 32, 104, 70, 4, 60, 66, 95, 93, 35, 123, 11, 82, 108, 126, 106, 3, 58, 84, 92, 94, 40, 39, 105, 100, 74, 52, 50, 121, 98, 77, 29, 44, 38, 97, 27, 25, 13, 102, 116, 87, 71, 61, 81, 107, 122, 67, 57, 109, 112, 51, 37, 64, 59, 62, 5, 110, 89, 31, 86, 85, 55, 21, 17, 115, 53, 36, 1, 10, 30, 75, 90, 56, 127, 114, 103, 12, 91, 111, 124] 596189
[116, 103, 33, 48, 122, 123, 50, 56, 68, 60, 6, 35, 83, 64, 59, 34, 19, 16, 73, 27, 47, 100, 101, 81, 25, 15, 120, 62, 94, 54, 72, 126, 76, 110, 92, 63, 57, 8, 61, 65, 108, 32, 93, 71, 90, 118, 99, 69, 40, 82, 38, 80, 55, 41, 45, 14, 24, 20, 9, 98, 51, 10, 105, 42, 30, 127, 85, 43, 52, 102, 79, 114, 39, 2, 125, 12, 91, 67, 78, 22, 117, 58, 107, 37, 1, 3, 11, 53, 13, 84, 112, 46, 115, 36, 95, 74, 109, 104, 44, 111, 5, 88, 106, 7, 75, 28, 23, 21, 96, 70, 77, 97, 124, 17, 29, 31, 86, 113, 18, 89, 121, 87, 49, 119, 4, 26, 66] 621676
